{
 "cells": [
  {
   "cell_type": "markdown",
   "metadata": {
    "id": "N8ZTVuOl1_Rf"
   },
   "source": [
    "# ML6Assign_KNN_DecisionTrees"
   ]
  },
  {
   "cell_type": "markdown",
   "metadata": {
    "id": "bjoFZ8CmqLpd"
   },
   "source": [
    "## Challenge: Find the 2-3 AddressCity values that are most easily distinguishable by KNN and/or a Decision Tree\n",
    "\n",
    "This is a somewhat quirky exercise that simply came from my curiosity about how we might use what we have learned (or at least been exposed to) over the last couple of days to determine the 'best' pair/triple of AddressCity values to select for our task."
   ]
  },
  {
   "cell_type": "markdown",
   "metadata": {
    "id": "DqWJBNjxCe_L"
   },
   "source": [
    "### There are certainly multiple ways we might be able to accomplish this task:\n",
    "\n",
    "1) We could 'simply' try every pair or triple of AddressCity values with our ML algorithms to see which pair yields the best results.\n",
    "\n",
    "(In this case, we may indeed find the best pair, but we might not have any idea about why one pair is a better choice over another. We don't really learn a great deal.)\n",
    "\n",
    "2) Another method might be to take a look at the basic stats of each of the possible features grouped by each AddressCity. We could then compare the results from AddressCity to AddressCity to help make our choice(s).\n",
    "\n",
    "(This will take a little more thought for each of us. This will be our method of choice.)"
   ]
  },
  {
   "cell_type": "markdown",
   "metadata": {
    "id": "8mPhOpdJDqsx"
   },
   "source": [
    "### And ... what should we be looking for???\n",
    "\n",
    "It seems that the simplest idea is that we would want to find the pair (or set) of AddressCity values that are as dissimilar as possible in terms of one or more of the features."
   ]
  },
  {
   "cell_type": "markdown",
   "metadata": {
    "id": "tdatqHdbEPh6"
   },
   "source": [
    "### What else might be helpful? \n",
    "\n",
    "In order to see these differences more easily, it may be beneficial to scale (or standardize) these statistics. \n",
    "\n",
    "It then may make sense to choose the AddressCity with the most positive, the most negative statistic(s) ... and possibly also the one closest to zero. \n",
    "\n",
    "After looking at this data, we might also see more clearly which feature(s) would be most distinguishable and thus best for differentiating among the chosen AddressCity values."
   ]
  },
  {
   "cell_type": "markdown",
   "metadata": {
    "id": "Cmh7XpG2FUxz"
   },
   "source": [
    "### Once we make our choice of AddressCity values, we will then create our KNN and Decision Tree models, explore our results, and comment on whether or not our expectations were correct.\n",
    "\n",
    "So, ... let's begin!"
   ]
  },
  {
   "cell_type": "code",
   "execution_count": null,
   "metadata": {
    "colab": {
     "base_uri": "https://localhost:8080/"
    },
    "executionInfo": {
     "elapsed": 6438,
     "status": "ok",
     "timestamp": 1633051558505,
     "user": {
      "displayName": "Glenn Acree",
      "photoUrl": "https://lh3.googleusercontent.com/a/default-user=s64",
      "userId": "12083279749904406048"
     },
     "user_tz": 300
    },
    "id": "rDbl4parLQ-k",
    "outputId": "95762712-0abb-45c7-aff3-47cfe20933d8"
   },
   "outputs": [
    {
     "name": "stdout",
     "output_type": "stream",
     "text": [
      "Cloning into 'NashvilleHousing'...\n",
      "remote: Enumerating objects: 9, done.\u001b[K\n",
      "remote: Counting objects: 100% (9/9), done.\u001b[K\n",
      "remote: Compressing objects: 100% (7/7), done.\u001b[K\n",
      "remote: Total 9 (delta 2), reused 0 (delta 0), pack-reused 0\u001b[K\n",
      "Unpacking objects: 100% (9/9), done.\n"
     ]
    }
   ],
   "source": [
    "# Acquire the Nashville Housing Data from my GitHub repository\n",
    "! git clone https://github.com/gacree/NashvilleHousing.git"
   ]
  },
  {
   "cell_type": "code",
   "execution_count": null,
   "metadata": {
    "id": "1c_RUqEwnKhi"
   },
   "outputs": [],
   "source": []
  },
  {
   "cell_type": "markdown",
   "metadata": {
    "id": "OiaBsoGa1_Rm"
   },
   "source": [
    "Import packages, read data into dataframes, reassign column names\n",
    "\n"
   ]
  },
  {
   "cell_type": "code",
   "execution_count": 1,
   "metadata": {
    "id": "ONUVb8eN1_Rm",
    "scrolled": false
   },
   "outputs": [],
   "source": [
    "#import the pandas package for data analytics\n",
    "# and matplotlib for visualizations\n",
    "import pandas as pd\n",
    "import matplotlib.pyplot as plt\n",
    "%matplotlib inline\n",
    "\n",
    "# Read the data files into pandas dataframes .\n",
    "# Notice that we must indicate the full path of the data file.\n",
    "houses_2017 = pd.read_csv('NashvilleHousing/2017SINGLEFAMILYSF.txt')\n",
    "\n",
    "# Alter the column names in each of the new dataframes\n",
    "houses_2017.columns = ['APN', 'DistrictCode', 'CouncilDistrict', 'AddressFullAddress',\n",
    "       'AddressCity', 'AddressPostalCode', 'LAND', 'IMPR', 'TOTALAPPR',\n",
    "       'TOTALASSD', 'FinishedArea']"
   ]
  },
  {
   "cell_type": "markdown",
   "metadata": {
    "id": "OtTN1kbq5TK0"
   },
   "source": [
    "### We must create a new data frame of the basic stats from each of our features  by AddressCity.\n",
    "\n",
    "Create AddressCityStats by including the basic stats of each potential feature: LAND, IMPR, TOTALAPPR, and FinishedArea ... by AddressCity\n",
    "\n",
    "Add another column with the number of houses in each AddressCity.\n"
   ]
  },
  {
   "cell_type": "code",
   "execution_count": 2,
   "metadata": {
    "colab": {
     "base_uri": "https://localhost:8080/",
     "height": 627
    },
    "executionInfo": {
     "elapsed": 300,
     "status": "ok",
     "timestamp": 1633051663184,
     "user": {
      "displayName": "Glenn Acree",
      "photoUrl": "https://lh3.googleusercontent.com/a/default-user=s64",
      "userId": "12083279749904406048"
     },
     "user_tz": 300
    },
    "id": "HDO0U8du5_3Q",
    "outputId": "4f466fda-1f9c-4d5a-9381-24bc4cc786b3"
   },
   "outputs": [
    {
     "data": {
      "text/html": [
       "<div>\n",
       "<style scoped>\n",
       "    .dataframe tbody tr th:only-of-type {\n",
       "        vertical-align: middle;\n",
       "    }\n",
       "\n",
       "    .dataframe tbody tr th {\n",
       "        vertical-align: top;\n",
       "    }\n",
       "\n",
       "    .dataframe thead tr th {\n",
       "        text-align: left;\n",
       "    }\n",
       "\n",
       "    .dataframe thead tr:last-of-type th {\n",
       "        text-align: right;\n",
       "    }\n",
       "</style>\n",
       "<table border=\"1\" class=\"dataframe\">\n",
       "  <thead>\n",
       "    <tr>\n",
       "      <th></th>\n",
       "      <th colspan=\"3\" halign=\"left\">LAND</th>\n",
       "      <th colspan=\"3\" halign=\"left\">IMPR</th>\n",
       "      <th colspan=\"3\" halign=\"left\">TOTALAPPR</th>\n",
       "      <th colspan=\"3\" halign=\"left\">FinishedArea</th>\n",
       "      <th>HousesCount</th>\n",
       "    </tr>\n",
       "    <tr>\n",
       "      <th></th>\n",
       "      <th>min</th>\n",
       "      <th>median</th>\n",
       "      <th>max</th>\n",
       "      <th>min</th>\n",
       "      <th>median</th>\n",
       "      <th>max</th>\n",
       "      <th>min</th>\n",
       "      <th>median</th>\n",
       "      <th>max</th>\n",
       "      <th>min</th>\n",
       "      <th>median</th>\n",
       "      <th>max</th>\n",
       "      <th></th>\n",
       "    </tr>\n",
       "    <tr>\n",
       "      <th>AddressCity</th>\n",
       "      <th></th>\n",
       "      <th></th>\n",
       "      <th></th>\n",
       "      <th></th>\n",
       "      <th></th>\n",
       "      <th></th>\n",
       "      <th></th>\n",
       "      <th></th>\n",
       "      <th></th>\n",
       "      <th></th>\n",
       "      <th></th>\n",
       "      <th></th>\n",
       "      <th></th>\n",
       "    </tr>\n",
       "  </thead>\n",
       "  <tbody>\n",
       "    <tr>\n",
       "      <th>ANTIOCH</th>\n",
       "      <td>7300</td>\n",
       "      <td>32500.0</td>\n",
       "      <td>1488700</td>\n",
       "      <td>0</td>\n",
       "      <td>132500.0</td>\n",
       "      <td>1518000</td>\n",
       "      <td>24000</td>\n",
       "      <td>166600.0</td>\n",
       "      <td>1892600</td>\n",
       "      <td>0.0</td>\n",
       "      <td>1650.000000</td>\n",
       "      <td>9922.00000</td>\n",
       "      <td>22770</td>\n",
       "    </tr>\n",
       "    <tr>\n",
       "      <th>ASHLAND CITY</th>\n",
       "      <td>14600</td>\n",
       "      <td>38800.0</td>\n",
       "      <td>168500</td>\n",
       "      <td>3700</td>\n",
       "      <td>103700.0</td>\n",
       "      <td>471100</td>\n",
       "      <td>31100</td>\n",
       "      <td>146200.0</td>\n",
       "      <td>554200</td>\n",
       "      <td>384.0</td>\n",
       "      <td>1350.000000</td>\n",
       "      <td>4200.00000</td>\n",
       "      <td>157</td>\n",
       "    </tr>\n",
       "    <tr>\n",
       "      <th>BELLEVUE</th>\n",
       "      <td>43200</td>\n",
       "      <td>44400.0</td>\n",
       "      <td>45600</td>\n",
       "      <td>176300</td>\n",
       "      <td>203750.0</td>\n",
       "      <td>231200</td>\n",
       "      <td>221900</td>\n",
       "      <td>248150.0</td>\n",
       "      <td>274400</td>\n",
       "      <td>1792.0</td>\n",
       "      <td>1807.000000</td>\n",
       "      <td>1822.00000</td>\n",
       "      <td>2</td>\n",
       "    </tr>\n",
       "    <tr>\n",
       "      <th>BRENTWOOD</th>\n",
       "      <td>32000</td>\n",
       "      <td>78000.0</td>\n",
       "      <td>1421800</td>\n",
       "      <td>0</td>\n",
       "      <td>276900.0</td>\n",
       "      <td>3183200</td>\n",
       "      <td>64000</td>\n",
       "      <td>357000.0</td>\n",
       "      <td>3595200</td>\n",
       "      <td>0.0</td>\n",
       "      <td>2455.000000</td>\n",
       "      <td>14199.00000</td>\n",
       "      <td>4983</td>\n",
       "    </tr>\n",
       "    <tr>\n",
       "      <th>FRANKLIN</th>\n",
       "      <td>37000</td>\n",
       "      <td>158750.0</td>\n",
       "      <td>234300</td>\n",
       "      <td>0</td>\n",
       "      <td>262950.0</td>\n",
       "      <td>562700</td>\n",
       "      <td>172000</td>\n",
       "      <td>420850.0</td>\n",
       "      <td>675000</td>\n",
       "      <td>0.0</td>\n",
       "      <td>2459.550050</td>\n",
       "      <td>5551.00000</td>\n",
       "      <td>26</td>\n",
       "    </tr>\n",
       "    <tr>\n",
       "      <th>GOODLETTSVILLE</th>\n",
       "      <td>13500</td>\n",
       "      <td>45000.0</td>\n",
       "      <td>729700</td>\n",
       "      <td>0</td>\n",
       "      <td>138400.0</td>\n",
       "      <td>1500800</td>\n",
       "      <td>16000</td>\n",
       "      <td>185550.0</td>\n",
       "      <td>1671900</td>\n",
       "      <td>0.0</td>\n",
       "      <td>1725.000000</td>\n",
       "      <td>12326.00000</td>\n",
       "      <td>4422</td>\n",
       "    </tr>\n",
       "    <tr>\n",
       "      <th>HERMITAGE</th>\n",
       "      <td>12000</td>\n",
       "      <td>38000.0</td>\n",
       "      <td>1250400</td>\n",
       "      <td>0</td>\n",
       "      <td>142100.0</td>\n",
       "      <td>2172200</td>\n",
       "      <td>33000</td>\n",
       "      <td>179750.0</td>\n",
       "      <td>3004200</td>\n",
       "      <td>0.0</td>\n",
       "      <td>1721.000000</td>\n",
       "      <td>40417.00000</td>\n",
       "      <td>10894</td>\n",
       "    </tr>\n",
       "    <tr>\n",
       "      <th>JOELTON</th>\n",
       "      <td>1500</td>\n",
       "      <td>47300.0</td>\n",
       "      <td>309200</td>\n",
       "      <td>0</td>\n",
       "      <td>152000.0</td>\n",
       "      <td>1025200</td>\n",
       "      <td>6900</td>\n",
       "      <td>202050.0</td>\n",
       "      <td>1120200</td>\n",
       "      <td>0.0</td>\n",
       "      <td>1735.500000</td>\n",
       "      <td>19034.00000</td>\n",
       "      <td>1506</td>\n",
       "    </tr>\n",
       "    <tr>\n",
       "      <th>LAVERGNE</th>\n",
       "      <td>129400</td>\n",
       "      <td>220500.0</td>\n",
       "      <td>339600</td>\n",
       "      <td>7600</td>\n",
       "      <td>40400.0</td>\n",
       "      <td>80400</td>\n",
       "      <td>169800</td>\n",
       "      <td>228100.0</td>\n",
       "      <td>420000</td>\n",
       "      <td>775.0</td>\n",
       "      <td>1242.000000</td>\n",
       "      <td>1568.00000</td>\n",
       "      <td>3</td>\n",
       "    </tr>\n",
       "    <tr>\n",
       "      <th>MADISON</th>\n",
       "      <td>4000</td>\n",
       "      <td>32000.0</td>\n",
       "      <td>334500</td>\n",
       "      <td>0</td>\n",
       "      <td>114100.0</td>\n",
       "      <td>1098400</td>\n",
       "      <td>4000</td>\n",
       "      <td>147500.0</td>\n",
       "      <td>1232900</td>\n",
       "      <td>0.0</td>\n",
       "      <td>1356.000000</td>\n",
       "      <td>10367.95996</td>\n",
       "      <td>9771</td>\n",
       "    </tr>\n",
       "    <tr>\n",
       "      <th>MOUNT JULIET</th>\n",
       "      <td>20000</td>\n",
       "      <td>61000.0</td>\n",
       "      <td>289600</td>\n",
       "      <td>0</td>\n",
       "      <td>253400.0</td>\n",
       "      <td>756200</td>\n",
       "      <td>22300</td>\n",
       "      <td>317350.0</td>\n",
       "      <td>1045800</td>\n",
       "      <td>480.0</td>\n",
       "      <td>2571.400025</td>\n",
       "      <td>6237.10010</td>\n",
       "      <td>266</td>\n",
       "    </tr>\n",
       "    <tr>\n",
       "      <th>NASHVILLE</th>\n",
       "      <td>900</td>\n",
       "      <td>60000.0</td>\n",
       "      <td>4832000</td>\n",
       "      <td>0</td>\n",
       "      <td>161000.0</td>\n",
       "      <td>9911800</td>\n",
       "      <td>2500</td>\n",
       "      <td>231900.0</td>\n",
       "      <td>11495800</td>\n",
       "      <td>0.0</td>\n",
       "      <td>1585.000000</td>\n",
       "      <td>22798.32031</td>\n",
       "      <td>134723</td>\n",
       "    </tr>\n",
       "    <tr>\n",
       "      <th>NOLENSVILLE</th>\n",
       "      <td>33000</td>\n",
       "      <td>70000.0</td>\n",
       "      <td>253500</td>\n",
       "      <td>0</td>\n",
       "      <td>225650.0</td>\n",
       "      <td>588900</td>\n",
       "      <td>33000</td>\n",
       "      <td>298850.0</td>\n",
       "      <td>732700</td>\n",
       "      <td>0.0</td>\n",
       "      <td>2004.500000</td>\n",
       "      <td>5477.50000</td>\n",
       "      <td>800</td>\n",
       "    </tr>\n",
       "    <tr>\n",
       "      <th>OLD HICKORY</th>\n",
       "      <td>5200</td>\n",
       "      <td>35000.0</td>\n",
       "      <td>504000</td>\n",
       "      <td>0</td>\n",
       "      <td>138600.0</td>\n",
       "      <td>3827500</td>\n",
       "      <td>21000</td>\n",
       "      <td>175600.0</td>\n",
       "      <td>4275500</td>\n",
       "      <td>0.0</td>\n",
       "      <td>1546.500000</td>\n",
       "      <td>12639.40039</td>\n",
       "      <td>5380</td>\n",
       "    </tr>\n",
       "    <tr>\n",
       "      <th>PEGRAM</th>\n",
       "      <td>19000</td>\n",
       "      <td>60000.0</td>\n",
       "      <td>119400</td>\n",
       "      <td>5300</td>\n",
       "      <td>148300.0</td>\n",
       "      <td>517900</td>\n",
       "      <td>53700</td>\n",
       "      <td>213600.0</td>\n",
       "      <td>616100</td>\n",
       "      <td>0.0</td>\n",
       "      <td>1644.000000</td>\n",
       "      <td>3748.00000</td>\n",
       "      <td>173</td>\n",
       "    </tr>\n",
       "    <tr>\n",
       "      <th>WHITES CREEK</th>\n",
       "      <td>12000</td>\n",
       "      <td>39000.0</td>\n",
       "      <td>363300</td>\n",
       "      <td>0</td>\n",
       "      <td>135500.0</td>\n",
       "      <td>1163400</td>\n",
       "      <td>26100</td>\n",
       "      <td>178400.0</td>\n",
       "      <td>1319000</td>\n",
       "      <td>0.0</td>\n",
       "      <td>1680.000000</td>\n",
       "      <td>7759.00000</td>\n",
       "      <td>1238</td>\n",
       "    </tr>\n",
       "  </tbody>\n",
       "</table>\n",
       "</div>"
      ],
      "text/plain": [
       "                  LAND                       IMPR                     \\\n",
       "                   min    median      max     min    median      max   \n",
       "AddressCity                                                            \n",
       "ANTIOCH           7300   32500.0  1488700       0  132500.0  1518000   \n",
       "ASHLAND CITY     14600   38800.0   168500    3700  103700.0   471100   \n",
       "BELLEVUE         43200   44400.0    45600  176300  203750.0   231200   \n",
       "BRENTWOOD        32000   78000.0  1421800       0  276900.0  3183200   \n",
       "FRANKLIN         37000  158750.0   234300       0  262950.0   562700   \n",
       "GOODLETTSVILLE   13500   45000.0   729700       0  138400.0  1500800   \n",
       "HERMITAGE        12000   38000.0  1250400       0  142100.0  2172200   \n",
       "JOELTON           1500   47300.0   309200       0  152000.0  1025200   \n",
       "LAVERGNE        129400  220500.0   339600    7600   40400.0    80400   \n",
       "MADISON           4000   32000.0   334500       0  114100.0  1098400   \n",
       "MOUNT JULIET     20000   61000.0   289600       0  253400.0   756200   \n",
       "NASHVILLE          900   60000.0  4832000       0  161000.0  9911800   \n",
       "NOLENSVILLE      33000   70000.0   253500       0  225650.0   588900   \n",
       "OLD HICKORY       5200   35000.0   504000       0  138600.0  3827500   \n",
       "PEGRAM           19000   60000.0   119400    5300  148300.0   517900   \n",
       "WHITES CREEK     12000   39000.0   363300       0  135500.0  1163400   \n",
       "\n",
       "               TOTALAPPR                     FinishedArea               \\\n",
       "                     min    median       max          min       median   \n",
       "AddressCity                                                              \n",
       "ANTIOCH            24000  166600.0   1892600          0.0  1650.000000   \n",
       "ASHLAND CITY       31100  146200.0    554200        384.0  1350.000000   \n",
       "BELLEVUE          221900  248150.0    274400       1792.0  1807.000000   \n",
       "BRENTWOOD          64000  357000.0   3595200          0.0  2455.000000   \n",
       "FRANKLIN          172000  420850.0    675000          0.0  2459.550050   \n",
       "GOODLETTSVILLE     16000  185550.0   1671900          0.0  1725.000000   \n",
       "HERMITAGE          33000  179750.0   3004200          0.0  1721.000000   \n",
       "JOELTON             6900  202050.0   1120200          0.0  1735.500000   \n",
       "LAVERGNE          169800  228100.0    420000        775.0  1242.000000   \n",
       "MADISON             4000  147500.0   1232900          0.0  1356.000000   \n",
       "MOUNT JULIET       22300  317350.0   1045800        480.0  2571.400025   \n",
       "NASHVILLE           2500  231900.0  11495800          0.0  1585.000000   \n",
       "NOLENSVILLE        33000  298850.0    732700          0.0  2004.500000   \n",
       "OLD HICKORY        21000  175600.0   4275500          0.0  1546.500000   \n",
       "PEGRAM             53700  213600.0    616100          0.0  1644.000000   \n",
       "WHITES CREEK       26100  178400.0   1319000          0.0  1680.000000   \n",
       "\n",
       "                            HousesCount  \n",
       "                        max              \n",
       "AddressCity                              \n",
       "ANTIOCH          9922.00000       22770  \n",
       "ASHLAND CITY     4200.00000         157  \n",
       "BELLEVUE         1822.00000           2  \n",
       "BRENTWOOD       14199.00000        4983  \n",
       "FRANKLIN         5551.00000          26  \n",
       "GOODLETTSVILLE  12326.00000        4422  \n",
       "HERMITAGE       40417.00000       10894  \n",
       "JOELTON         19034.00000        1506  \n",
       "LAVERGNE         1568.00000           3  \n",
       "MADISON         10367.95996        9771  \n",
       "MOUNT JULIET     6237.10010         266  \n",
       "NASHVILLE       22798.32031      134723  \n",
       "NOLENSVILLE      5477.50000         800  \n",
       "OLD HICKORY     12639.40039        5380  \n",
       "PEGRAM           3748.00000         173  \n",
       "WHITES CREEK     7759.00000        1238  "
      ]
     },
     "execution_count": 2,
     "metadata": {},
     "output_type": "execute_result"
    }
   ],
   "source": [
    "# Recall: We can create a new dataframe with .groupby() and .agg()\n",
    "# in the following way:\n",
    "\n",
    "# NewDataframe = OldDataFrame.groupby('ColumnName')[['ColumnA','ColumnB','ColumnC','ColumnD']].agg(['min','median','max'])\n",
    "\n",
    "# Create a dataframe entitled AddressCityStats with the min, median, and max \n",
    "# of our potential feature columns, for each AddressCity\n",
    "AddressCityStats = houses_2017.groupby('AddressCity')[['LAND','IMPR','TOTALAPPR','FinishedArea']].agg(['min','median','max'])\n",
    "\n",
    "# Create an additional column entitled 'HousesCount' containing the .value_counts()\n",
    "# for each AddressCity.\n",
    "AddressCityStats['HousesCount'] = houses_2017['AddressCity'].value_counts()\n",
    "\n",
    "# View the new dataframe:\n",
    "AddressCityStats"
   ]
  },
  {
   "cell_type": "markdown",
   "metadata": {
    "id": "zw6iGQwIXsEa"
   },
   "source": [
    "### Let's sort AddressCityStats by HousesCount in order to decide whether or not to exclude some AddressCity values simply due to the lack of a sufficient number of properties.\n",
    "\n",
    "You should make a decision about restricting only to AddressCity values with counts at a certain threshold (or not)."
   ]
  },
  {
   "cell_type": "code",
   "execution_count": 3,
   "metadata": {
    "colab": {
     "base_uri": "https://localhost:8080/",
     "height": 627
    },
    "executionInfo": {
     "elapsed": 152,
     "status": "ok",
     "timestamp": 1633051737352,
     "user": {
      "displayName": "Glenn Acree",
      "photoUrl": "https://lh3.googleusercontent.com/a/default-user=s64",
      "userId": "12083279749904406048"
     },
     "user_tz": 300
    },
    "id": "hRf3z2rFXxpG",
    "outputId": "ba9294da-f6de-448a-d5bc-4f41947f1bb1"
   },
   "outputs": [
    {
     "data": {
      "text/html": [
       "<div>\n",
       "<style scoped>\n",
       "    .dataframe tbody tr th:only-of-type {\n",
       "        vertical-align: middle;\n",
       "    }\n",
       "\n",
       "    .dataframe tbody tr th {\n",
       "        vertical-align: top;\n",
       "    }\n",
       "\n",
       "    .dataframe thead tr th {\n",
       "        text-align: left;\n",
       "    }\n",
       "\n",
       "    .dataframe thead tr:last-of-type th {\n",
       "        text-align: right;\n",
       "    }\n",
       "</style>\n",
       "<table border=\"1\" class=\"dataframe\">\n",
       "  <thead>\n",
       "    <tr>\n",
       "      <th></th>\n",
       "      <th colspan=\"3\" halign=\"left\">LAND</th>\n",
       "      <th colspan=\"3\" halign=\"left\">IMPR</th>\n",
       "      <th colspan=\"3\" halign=\"left\">TOTALAPPR</th>\n",
       "      <th colspan=\"3\" halign=\"left\">FinishedArea</th>\n",
       "      <th>HousesCount</th>\n",
       "    </tr>\n",
       "    <tr>\n",
       "      <th></th>\n",
       "      <th>min</th>\n",
       "      <th>median</th>\n",
       "      <th>max</th>\n",
       "      <th>min</th>\n",
       "      <th>median</th>\n",
       "      <th>max</th>\n",
       "      <th>min</th>\n",
       "      <th>median</th>\n",
       "      <th>max</th>\n",
       "      <th>min</th>\n",
       "      <th>median</th>\n",
       "      <th>max</th>\n",
       "      <th></th>\n",
       "    </tr>\n",
       "    <tr>\n",
       "      <th>AddressCity</th>\n",
       "      <th></th>\n",
       "      <th></th>\n",
       "      <th></th>\n",
       "      <th></th>\n",
       "      <th></th>\n",
       "      <th></th>\n",
       "      <th></th>\n",
       "      <th></th>\n",
       "      <th></th>\n",
       "      <th></th>\n",
       "      <th></th>\n",
       "      <th></th>\n",
       "      <th></th>\n",
       "    </tr>\n",
       "  </thead>\n",
       "  <tbody>\n",
       "    <tr>\n",
       "      <th>BELLEVUE</th>\n",
       "      <td>43200</td>\n",
       "      <td>44400.0</td>\n",
       "      <td>45600</td>\n",
       "      <td>176300</td>\n",
       "      <td>203750.0</td>\n",
       "      <td>231200</td>\n",
       "      <td>221900</td>\n",
       "      <td>248150.0</td>\n",
       "      <td>274400</td>\n",
       "      <td>1792.0</td>\n",
       "      <td>1807.000000</td>\n",
       "      <td>1822.00000</td>\n",
       "      <td>2</td>\n",
       "    </tr>\n",
       "    <tr>\n",
       "      <th>LAVERGNE</th>\n",
       "      <td>129400</td>\n",
       "      <td>220500.0</td>\n",
       "      <td>339600</td>\n",
       "      <td>7600</td>\n",
       "      <td>40400.0</td>\n",
       "      <td>80400</td>\n",
       "      <td>169800</td>\n",
       "      <td>228100.0</td>\n",
       "      <td>420000</td>\n",
       "      <td>775.0</td>\n",
       "      <td>1242.000000</td>\n",
       "      <td>1568.00000</td>\n",
       "      <td>3</td>\n",
       "    </tr>\n",
       "    <tr>\n",
       "      <th>FRANKLIN</th>\n",
       "      <td>37000</td>\n",
       "      <td>158750.0</td>\n",
       "      <td>234300</td>\n",
       "      <td>0</td>\n",
       "      <td>262950.0</td>\n",
       "      <td>562700</td>\n",
       "      <td>172000</td>\n",
       "      <td>420850.0</td>\n",
       "      <td>675000</td>\n",
       "      <td>0.0</td>\n",
       "      <td>2459.550050</td>\n",
       "      <td>5551.00000</td>\n",
       "      <td>26</td>\n",
       "    </tr>\n",
       "    <tr>\n",
       "      <th>ASHLAND CITY</th>\n",
       "      <td>14600</td>\n",
       "      <td>38800.0</td>\n",
       "      <td>168500</td>\n",
       "      <td>3700</td>\n",
       "      <td>103700.0</td>\n",
       "      <td>471100</td>\n",
       "      <td>31100</td>\n",
       "      <td>146200.0</td>\n",
       "      <td>554200</td>\n",
       "      <td>384.0</td>\n",
       "      <td>1350.000000</td>\n",
       "      <td>4200.00000</td>\n",
       "      <td>157</td>\n",
       "    </tr>\n",
       "    <tr>\n",
       "      <th>PEGRAM</th>\n",
       "      <td>19000</td>\n",
       "      <td>60000.0</td>\n",
       "      <td>119400</td>\n",
       "      <td>5300</td>\n",
       "      <td>148300.0</td>\n",
       "      <td>517900</td>\n",
       "      <td>53700</td>\n",
       "      <td>213600.0</td>\n",
       "      <td>616100</td>\n",
       "      <td>0.0</td>\n",
       "      <td>1644.000000</td>\n",
       "      <td>3748.00000</td>\n",
       "      <td>173</td>\n",
       "    </tr>\n",
       "    <tr>\n",
       "      <th>MOUNT JULIET</th>\n",
       "      <td>20000</td>\n",
       "      <td>61000.0</td>\n",
       "      <td>289600</td>\n",
       "      <td>0</td>\n",
       "      <td>253400.0</td>\n",
       "      <td>756200</td>\n",
       "      <td>22300</td>\n",
       "      <td>317350.0</td>\n",
       "      <td>1045800</td>\n",
       "      <td>480.0</td>\n",
       "      <td>2571.400025</td>\n",
       "      <td>6237.10010</td>\n",
       "      <td>266</td>\n",
       "    </tr>\n",
       "    <tr>\n",
       "      <th>NOLENSVILLE</th>\n",
       "      <td>33000</td>\n",
       "      <td>70000.0</td>\n",
       "      <td>253500</td>\n",
       "      <td>0</td>\n",
       "      <td>225650.0</td>\n",
       "      <td>588900</td>\n",
       "      <td>33000</td>\n",
       "      <td>298850.0</td>\n",
       "      <td>732700</td>\n",
       "      <td>0.0</td>\n",
       "      <td>2004.500000</td>\n",
       "      <td>5477.50000</td>\n",
       "      <td>800</td>\n",
       "    </tr>\n",
       "    <tr>\n",
       "      <th>WHITES CREEK</th>\n",
       "      <td>12000</td>\n",
       "      <td>39000.0</td>\n",
       "      <td>363300</td>\n",
       "      <td>0</td>\n",
       "      <td>135500.0</td>\n",
       "      <td>1163400</td>\n",
       "      <td>26100</td>\n",
       "      <td>178400.0</td>\n",
       "      <td>1319000</td>\n",
       "      <td>0.0</td>\n",
       "      <td>1680.000000</td>\n",
       "      <td>7759.00000</td>\n",
       "      <td>1238</td>\n",
       "    </tr>\n",
       "    <tr>\n",
       "      <th>JOELTON</th>\n",
       "      <td>1500</td>\n",
       "      <td>47300.0</td>\n",
       "      <td>309200</td>\n",
       "      <td>0</td>\n",
       "      <td>152000.0</td>\n",
       "      <td>1025200</td>\n",
       "      <td>6900</td>\n",
       "      <td>202050.0</td>\n",
       "      <td>1120200</td>\n",
       "      <td>0.0</td>\n",
       "      <td>1735.500000</td>\n",
       "      <td>19034.00000</td>\n",
       "      <td>1506</td>\n",
       "    </tr>\n",
       "    <tr>\n",
       "      <th>GOODLETTSVILLE</th>\n",
       "      <td>13500</td>\n",
       "      <td>45000.0</td>\n",
       "      <td>729700</td>\n",
       "      <td>0</td>\n",
       "      <td>138400.0</td>\n",
       "      <td>1500800</td>\n",
       "      <td>16000</td>\n",
       "      <td>185550.0</td>\n",
       "      <td>1671900</td>\n",
       "      <td>0.0</td>\n",
       "      <td>1725.000000</td>\n",
       "      <td>12326.00000</td>\n",
       "      <td>4422</td>\n",
       "    </tr>\n",
       "    <tr>\n",
       "      <th>BRENTWOOD</th>\n",
       "      <td>32000</td>\n",
       "      <td>78000.0</td>\n",
       "      <td>1421800</td>\n",
       "      <td>0</td>\n",
       "      <td>276900.0</td>\n",
       "      <td>3183200</td>\n",
       "      <td>64000</td>\n",
       "      <td>357000.0</td>\n",
       "      <td>3595200</td>\n",
       "      <td>0.0</td>\n",
       "      <td>2455.000000</td>\n",
       "      <td>14199.00000</td>\n",
       "      <td>4983</td>\n",
       "    </tr>\n",
       "    <tr>\n",
       "      <th>OLD HICKORY</th>\n",
       "      <td>5200</td>\n",
       "      <td>35000.0</td>\n",
       "      <td>504000</td>\n",
       "      <td>0</td>\n",
       "      <td>138600.0</td>\n",
       "      <td>3827500</td>\n",
       "      <td>21000</td>\n",
       "      <td>175600.0</td>\n",
       "      <td>4275500</td>\n",
       "      <td>0.0</td>\n",
       "      <td>1546.500000</td>\n",
       "      <td>12639.40039</td>\n",
       "      <td>5380</td>\n",
       "    </tr>\n",
       "    <tr>\n",
       "      <th>MADISON</th>\n",
       "      <td>4000</td>\n",
       "      <td>32000.0</td>\n",
       "      <td>334500</td>\n",
       "      <td>0</td>\n",
       "      <td>114100.0</td>\n",
       "      <td>1098400</td>\n",
       "      <td>4000</td>\n",
       "      <td>147500.0</td>\n",
       "      <td>1232900</td>\n",
       "      <td>0.0</td>\n",
       "      <td>1356.000000</td>\n",
       "      <td>10367.95996</td>\n",
       "      <td>9771</td>\n",
       "    </tr>\n",
       "    <tr>\n",
       "      <th>HERMITAGE</th>\n",
       "      <td>12000</td>\n",
       "      <td>38000.0</td>\n",
       "      <td>1250400</td>\n",
       "      <td>0</td>\n",
       "      <td>142100.0</td>\n",
       "      <td>2172200</td>\n",
       "      <td>33000</td>\n",
       "      <td>179750.0</td>\n",
       "      <td>3004200</td>\n",
       "      <td>0.0</td>\n",
       "      <td>1721.000000</td>\n",
       "      <td>40417.00000</td>\n",
       "      <td>10894</td>\n",
       "    </tr>\n",
       "    <tr>\n",
       "      <th>ANTIOCH</th>\n",
       "      <td>7300</td>\n",
       "      <td>32500.0</td>\n",
       "      <td>1488700</td>\n",
       "      <td>0</td>\n",
       "      <td>132500.0</td>\n",
       "      <td>1518000</td>\n",
       "      <td>24000</td>\n",
       "      <td>166600.0</td>\n",
       "      <td>1892600</td>\n",
       "      <td>0.0</td>\n",
       "      <td>1650.000000</td>\n",
       "      <td>9922.00000</td>\n",
       "      <td>22770</td>\n",
       "    </tr>\n",
       "    <tr>\n",
       "      <th>NASHVILLE</th>\n",
       "      <td>900</td>\n",
       "      <td>60000.0</td>\n",
       "      <td>4832000</td>\n",
       "      <td>0</td>\n",
       "      <td>161000.0</td>\n",
       "      <td>9911800</td>\n",
       "      <td>2500</td>\n",
       "      <td>231900.0</td>\n",
       "      <td>11495800</td>\n",
       "      <td>0.0</td>\n",
       "      <td>1585.000000</td>\n",
       "      <td>22798.32031</td>\n",
       "      <td>134723</td>\n",
       "    </tr>\n",
       "  </tbody>\n",
       "</table>\n",
       "</div>"
      ],
      "text/plain": [
       "                  LAND                       IMPR                     \\\n",
       "                   min    median      max     min    median      max   \n",
       "AddressCity                                                            \n",
       "BELLEVUE         43200   44400.0    45600  176300  203750.0   231200   \n",
       "LAVERGNE        129400  220500.0   339600    7600   40400.0    80400   \n",
       "FRANKLIN         37000  158750.0   234300       0  262950.0   562700   \n",
       "ASHLAND CITY     14600   38800.0   168500    3700  103700.0   471100   \n",
       "PEGRAM           19000   60000.0   119400    5300  148300.0   517900   \n",
       "MOUNT JULIET     20000   61000.0   289600       0  253400.0   756200   \n",
       "NOLENSVILLE      33000   70000.0   253500       0  225650.0   588900   \n",
       "WHITES CREEK     12000   39000.0   363300       0  135500.0  1163400   \n",
       "JOELTON           1500   47300.0   309200       0  152000.0  1025200   \n",
       "GOODLETTSVILLE   13500   45000.0   729700       0  138400.0  1500800   \n",
       "BRENTWOOD        32000   78000.0  1421800       0  276900.0  3183200   \n",
       "OLD HICKORY       5200   35000.0   504000       0  138600.0  3827500   \n",
       "MADISON           4000   32000.0   334500       0  114100.0  1098400   \n",
       "HERMITAGE        12000   38000.0  1250400       0  142100.0  2172200   \n",
       "ANTIOCH           7300   32500.0  1488700       0  132500.0  1518000   \n",
       "NASHVILLE          900   60000.0  4832000       0  161000.0  9911800   \n",
       "\n",
       "               TOTALAPPR                     FinishedArea               \\\n",
       "                     min    median       max          min       median   \n",
       "AddressCity                                                              \n",
       "BELLEVUE          221900  248150.0    274400       1792.0  1807.000000   \n",
       "LAVERGNE          169800  228100.0    420000        775.0  1242.000000   \n",
       "FRANKLIN          172000  420850.0    675000          0.0  2459.550050   \n",
       "ASHLAND CITY       31100  146200.0    554200        384.0  1350.000000   \n",
       "PEGRAM             53700  213600.0    616100          0.0  1644.000000   \n",
       "MOUNT JULIET       22300  317350.0   1045800        480.0  2571.400025   \n",
       "NOLENSVILLE        33000  298850.0    732700          0.0  2004.500000   \n",
       "WHITES CREEK       26100  178400.0   1319000          0.0  1680.000000   \n",
       "JOELTON             6900  202050.0   1120200          0.0  1735.500000   \n",
       "GOODLETTSVILLE     16000  185550.0   1671900          0.0  1725.000000   \n",
       "BRENTWOOD          64000  357000.0   3595200          0.0  2455.000000   \n",
       "OLD HICKORY        21000  175600.0   4275500          0.0  1546.500000   \n",
       "MADISON             4000  147500.0   1232900          0.0  1356.000000   \n",
       "HERMITAGE          33000  179750.0   3004200          0.0  1721.000000   \n",
       "ANTIOCH            24000  166600.0   1892600          0.0  1650.000000   \n",
       "NASHVILLE           2500  231900.0  11495800          0.0  1585.000000   \n",
       "\n",
       "                            HousesCount  \n",
       "                        max              \n",
       "AddressCity                              \n",
       "BELLEVUE         1822.00000           2  \n",
       "LAVERGNE         1568.00000           3  \n",
       "FRANKLIN         5551.00000          26  \n",
       "ASHLAND CITY     4200.00000         157  \n",
       "PEGRAM           3748.00000         173  \n",
       "MOUNT JULIET     6237.10010         266  \n",
       "NOLENSVILLE      5477.50000         800  \n",
       "WHITES CREEK     7759.00000        1238  \n",
       "JOELTON         19034.00000        1506  \n",
       "GOODLETTSVILLE  12326.00000        4422  \n",
       "BRENTWOOD       14199.00000        4983  \n",
       "OLD HICKORY     12639.40039        5380  \n",
       "MADISON         10367.95996        9771  \n",
       "HERMITAGE       40417.00000       10894  \n",
       "ANTIOCH          9922.00000       22770  \n",
       "NASHVILLE       22798.32031      134723  "
      ]
     },
     "execution_count": 3,
     "metadata": {},
     "output_type": "execute_result"
    }
   ],
   "source": [
    "AddressCityStats.sort_values(by='HousesCount')"
   ]
  },
  {
   "cell_type": "markdown",
   "metadata": {
    "id": "e_6oUwhlZQfP"
   },
   "source": [
    "# Questions Begin Here!"
   ]
  },
  {
   "cell_type": "markdown",
   "metadata": {
    "id": "Rkopv6WrRSKS"
   },
   "source": [
    "'# 1'\n",
    "### Determine (with your breakout group) an appropriate threshold ... requiring at least ??? number of properties to consider using an AddressCity.\n",
    "\n",
    "What number of properties will you require?\n",
    "\n",
    "1000\n",
    "..."
   ]
  },
  {
   "cell_type": "code",
   "execution_count": 4,
   "metadata": {
    "id": "SI4nfe0eYlmW"
   },
   "outputs": [],
   "source": [
    "# 2\n",
    "# If you choose to make such a restriction, uncomment the following \n",
    "# line and replace the ??? with your threshold on HousesCount.\n",
    "\n",
    "AddressCityStats = AddressCityStats[AddressCityStats['HousesCount']>= 1000]"
   ]
  },
  {
   "cell_type": "markdown",
   "metadata": {
    "id": "36CHYBCEtdcx"
   },
   "source": [
    "### Let's scale our data to help see our differences even more clearly.\n",
    "\n",
    "This process will change the actual statistics found in AddressCityStats to the number of standard deviations each stat is from the mean. This will show (more clearly) which are the highest, lowest, and which are closest to the mean."
   ]
  },
  {
   "cell_type": "code",
   "execution_count": 5,
   "metadata": {
    "id": "hlRKiugnTgqk"
   },
   "outputs": [
    {
     "data": {
      "text/html": [
       "<div>\n",
       "<style scoped>\n",
       "    .dataframe tbody tr th:only-of-type {\n",
       "        vertical-align: middle;\n",
       "    }\n",
       "\n",
       "    .dataframe tbody tr th {\n",
       "        vertical-align: top;\n",
       "    }\n",
       "\n",
       "    .dataframe thead tr th {\n",
       "        text-align: left;\n",
       "    }\n",
       "\n",
       "    .dataframe thead tr:last-of-type th {\n",
       "        text-align: right;\n",
       "    }\n",
       "</style>\n",
